1220
1231
1125
1287
1373
1210
1398
0
1227
1351
1404
1394
1307
1204
1261
1405
1337
1299
1336
1461
1349
1368
1349
1319
1289
1333
1313
0
1468
1442
1430
1275
1292
1232
1327
1316
1295
1291
1318
1337
1340
1332
1302
1447
1458
1407
1299
1325
1403
1407
1257
1469
1444
1403
1348
1333
1332
1310
1348
1336
1418
1371
1372
1397
1333
1326
1367
1330
1417
1379
1234
1314
1325
1387
1300
1296
1360
1308
1149
1290
1410
1374
1343
1424
1394
1341
1379
1408
1337
1308
1435
1427
1381
1429
1320
1293
1357
1328
1230
1401
1376
1377
1297
1298
1275
1351
1322
1374
1362
1338
1381
1331
1302
1309
1282
1347
1290
1306
1281
1478
1455
1449
1402
1362
1347
1264
1315
1309
1341
1272
1143
1397
1361
1329
1346
1275
994
0
1345
1366
1337
750
136
1356
1317
1396
1347
1493
1373
1423
1395
1396
1332
1459
1397
1410
1401
1372
1460
1459
1384
1368
1371
1316
1341
1360
1425
1382
1407
1310
1347
1325
1276
1344
1328
1423
1401
1229
1435
1363
1468
1376
1351
1376
1369
1353
1346
1318
1279
1311
1487
1317
1313
1302
1301
1445
1411
1391
1230
1231
1449
1414
1362
1348
1332
1339
1460
1385
1311
1377
1210
420
1385
1350
1294
1271
1317
1362
1322
1361
1330
1366
1346
1317
1278
1289
1345
1266
1232
1349
1361
1505
1376
1331
1405
1435
1378
1344
1393
1366
1379
1332
1251
1378
1362
1369
1388
1243
1292
1366
1360
1665
1475
1414
1568
1537
1333
1321
1335
1347
1342
1331
1360
1276
1356
1386
1328
1356
1341
1285
1610
1489
1399
1409
1544
1546
1390
1255
1290
1265
1649
1428
1368
1395
1342
1331
1550
1528
1366
1354
1390
1504
1351
1414
1373
1357
1373
1368
1315
1346
1234
1558
1405
1296
1277
1284
1330
1241
1584
1366
1421
1404
1387
1371
1971
1451
1403
1759
1350
1337
1387
1339
1337
1328
1296
1291
1319
1363
1392
1382
1306
1327
1289
1388
1308
1343
1350
146
1350
1299
1377
1372
1395
1311
1375
1320
2005
2023
1558
1422
1902
1245
1355
1279
1388
1377
0
1387
1543
1344
1331
1304
1252
1524
1379
1356
1402
1395
1353
1361
1340
1354
1321
1335
1268
1325
1385
151
145
151
2009
1612
1376
1652
1426
1382
1327
1319
1300
1396
1366
1361
1350
2101
1570
1750
1354
1317
1346
1306
1361
1299
1345
1308
1311
1316
0
1342
1365
1407
1454
1374
1439
1399
1385
1389
1396
1365
1413
1367
1299
1267
1296
1394
1394
1367
1366
1335
1348
1317
1405
1278
1307
1389
1373
1365
1376
1328
1285
1343
1412
1354
1326
1202
1119
1371
1355
1269
1337
1362
1420
1383
1419
1353
1412
1284
1426
1408
1315
1405
1326
1423
1369
1298
1387
1380
1344
1270
1329
1286
1320
1389
1365
1341
1398
1379
1333
1367
1327
1398
1465
1496
1478
1435
1440
1348
1360
1372
1313
1327
1358
1310
1269
1340
1328
1475
1405
1365
1286
1474
1418
1402
1397
1366
1499
1386
1397
1326
1307
1401
1415
1390
1362
1420
1375
1396
1309
1384
1405
1384
1273
1358
1375
1311
1300
1308
1301
1337
1473
1431
1405
1377
1353
1316
1333
1360
1331
1323
1461
1423
1422
1393
1469
1459
1418
1403
1349
1348
1332
1328
1380
1274
1347
1303
1295
1219
1364
1358
1394
1397
1337
1351
1353
1315
1260
1263
1416
1358
1346
1384
1300
1315
1360
1003
1353
1346
1287
1397
1321
1349
1327
1286
1298
1302
0
1279
1478
1477
1482
1454
1434
1372
1341
1318
1231
1408
1327
1321
1394
1310
0
1291
1429
0
1293
1387
1349
1423
1389
1365
1380
1353
1331
1365
1456
1418
1419
1375
1457
1386
1416
1406
1400
1364
1328
0
603
296
273
1380
1364
1439
1461
1399
1358
1359
1301
1437
1341
1376
1443
1396
1421
1445
1375
1390
1405
1407
1385
1305
1310
1387
1368
1358
1356
1359
1361
1366
1360
1309
1260
1270
297
1326
1405
1373
1419
