7
8
9
11
16
5
16
0
7
14
18
15
12
8
10
17
11
12
13
18
13
15
12
12
10
13
12
0
19
17
17
11
13
10
13
11
11
9
10
13
13
12
14
18
18
15
10
11
16
16
11
21
17
16
14
11
13
12
14
12
17
14
17
15
12
13
14
12
17
15
7
13
12
13
11
11
14
10
4
10
17
15
11
18
17
11
15
15
13
12
18
18
16
20
13
10
14
12
5
16
13
15
11
10
9
15
12
14
15
13
16
13
12
10
11
12
10
15
9
22
18
19
15
16
13
9
12
10
14
10
11
16
14
11
11
8
7
0
14
15
15
14
0
14
8
13
13
22
14
16
17
16
14
21
18
15
16
15
18
19
14
15
14
12
12
15
20
15
17
13
14
14
8
11
9
18
16
9
19
14
19
13
15
15
17
12
13
9
7
13
23
12
12
9
9
19
18
16
6
8
17
17
14
15
12
16
19
16
14
14
7
1
15
15
12
10
11
13
9
14
13
17
9
10
8
9
13
9
8
14
11
17
16
14
15
17
13
12
14
11
14
11
8
12
14
14
15
8
7
13
15
21
21
17
19
18
13
10
12
13
14
10
14
8
13
15
12
13
12
10
24
20
15
16
17
19
14
10
9
10
22
17
13
14
12
12
20
17
14
11
15
18
11
15
13
11
15
16
11
14
6
19
14
8
7
12
13
9
22
12
18
17
14
16
26
17
17
19
13
13
16
13
12
10
10
7
12
13
16
15
8
10
9
18
12
15
12
0
15
9
14
15
15
10
17
12
23
26
20
16
28
9
13
9
14
13
0
14
20
12
11
10
7
18
15
14
16
16
15
12
11
14
12
12
9
10
15
2
0
0
24
19
15
21
21
15
13
11
7
16
13
14
13
28
19
20
11
10
13
12
14
11
14
11
11
12
0
13
13
17
17
12
17
16
14
12
16
14
18
16
11
11
10
15
16
13
13
15
12
12
16
10
11
14
16
15
14
11
10
12
16
16
11
6
0
16
15
8
13
13
16
16
16
12
14
8
18
18
13
18
12
18
15
11
14
15
13
9
10
12
12
13
14
12
16
15
12
13
11
16
19
23
21
17
19
12
10
14
12
11
13
11
11
13
12
18
16
11
7
21
16
15
16
14
20
11
15
10
9
15
16
13
12
19
15
15
6
15
17
14
10
13
13
10
11
12
8
14
18
17
16
15
14
11
9
15
12
11
17
17
18
15
18
19
17
14
13
14
13
10
13
8
13
10
8
3
16
13
14
17
11
12
14
11
7
5
17
10
13
16
9
13
13
7
11
15
9
14
11
14
10
10
10
9
0
12
19
19
20
20
18
12
11
11
8
16
9
9
16
11
0
7
17
0
10
14
12
17
15
11
16
12
12
14
18
15
16
14
19
15
15
16
14
14
14
0
7
2
1
16
13
19
22
16
12
13
10
18
13
15
17
16
16
19
16
14
15
17
14
9
9
15
12
13
12
12
12
12
11
9
6
6
2
9
17
14
15
